4
2
a b
( 0 a 1 )
( 0 b 2 )
( 1 a 3 )
( 1 b 2 )
( 2 a 1 )
( 2 b 2 )
( 3 a 3 )
( 3 b 3 )
a
b
bab
abb
bbaba
babaab
bbbababab
bbbbb
~
4
0 1 2
a b
( 0 a 0 )
( 0 b 1 )
( 1 a 0 )
( 1 b 2 )
( 2 a 0 )
( 2 b 3 )
( 3 a 3 )
( 3 b 3 )
bb
aab
babbb
ababab
bbaabba
abababbba
bbb
~
5
4
0 1
( 0 0 1 )
( 0 1 0 )
( 1 0 2 )
( 1 1 3 )
( 2 0 3 )
( 2 1 3 )
( 3 0 4 )
( 3 1 3 )
( 4 0 4 )
( 4 1 3 )
11
000
10110
00110
01110101
11001110
010101010
0000
~
4
2
a-z A-Z 0-9 _
( 0 0 1 )
( 0 1 3 )
( 1 0 2 )
( 1 1 2 )
( 2 0 2 )
( 2 1 2 )
( 3 0 3 )
( 3 1 3 )
1st_Assignment
Pascal
_finite_automaton
program
X3Y7
_
X=90
X*Y
~
4
3
0 1
( 0 0 0 )
( 0 1 0 1 )
( 1 0 2 )
( 1 1 2 )
( 2 0 3 )
( 2 1 3 )
( 3 0 3 )
( 3 1 3 )
010100
011
0000111
1111000
0
1
1010100
~
5
2 4
0 1
( 0 0 0 3 )
( 0 1 0 1 )
( 1 0 1 )
( 1 1 2 )
( 2 0 2 )
( 2 1 2 )
( 3 0 4 )
( 3 1 3 )
( 4 0 4 )
( 4 1 4 )
0101
10110
1010010
011000
00
1
111
~
5
4
a b c
( 0 a 0 1 )
( 0 b 0 2 )
( 0 c 0 )
( 1 a 0 )
( 1 b 3 )
( 1 c 2 )
( 2 a 3 4 )
( 2 b 2 )
( 2 c 2 )
( 3 a 0 )
( 3 b 0 )
( 3 c 0 4 )
( 4 a 4 )
( 4 b 4 )
( 4 c 0 )
a
ba
ac
abc
cabca
acbac
bacbc
aabcc
~
6
5
0 1
( 0 0 0 1 )
( 0 1 0 )
( 1 0 2 )
( 1 1 2 )
( 2 0 3 )
( 2 1 3 )
( 3 0 4 )
( 3 1 4 )
( 4 0 4 )
( 4 1 4 )
( 5 0 5 )
( 5 1 5 )
1010
00000111
11111000
01110
0101010
000
1
~